19 23
19 24
19 25
18 25
17 25
17 24
17 23
16 23
15 23
14 23
14 24
14 25
13 25
14 26
14 27
17 22
17 21
17 20
16 20
15 20
14 20
13 20
12 20
11 20
10 20
9 20
8 20
7 20
6 20
5 20
4 20
3 20
2 20
1 20
0 20
0 21
0 22
0 23
0 24
0 19
0 18
0 17
0 16
0 15
0 14
1 14
2 14
3 14
4 14
4 15
4 16
4 17
4 18
4 19
5 17
6 17
7 17
7 16
7 15
7 14
8 14
9 14
10 14
10 15
10 16
10 17
11 17
12 17
10 13
10 12
10 11
9 11
8 11
7 11
7 10
7 9
7 8
6 8
5 8
4 8
4 9
4 10
4 11
3 11
2 11
1 11
0 11
0 10
0 9
0 8
0 7
0 6
0 5
0 4
0 3
0 2
0 1
0 0
1 0
2 0
3 0
4 0