19 23
19 24
19 22
19 25
19 21
18 25
19 26
19 20
17 25
18 26
19 27
19 19
17 24
18 27
19 18
17 23
19 17
16 23
17 22
19 16
15 23
17 21
19 15
14 23
17 20
19 14
14 24
16 20
18 14
19 13
14 25
15 20
17 14
19 12
13 25
14 26
14 20
17 15
19 11
14 27
13 20
14 19
17 16
18 11
19 10
12 20
14 18
17 17
17 11
19 9
11 20
14 17
16 17
17 10
19 8
10 20
14 16
15 17
17 9
19 7
9 20
14 15
17 8
19 6
8 20
16 8
19 5
7 20
15 8
19 4
6 20
7 21
14 8
19 3
5 20
7 22
14 9
14 7
4 20
7 23
14 10
14 6
3 20
4 21
4 19
7 24
14 5
2 20
4 22
4 18
7 25
13 5
15 5
1 20
4 23
4 17
6 25
12 5
16 5
0 20
4 24
4 16
5 17
5 25
11 5
17 5
0 21
0 19
4 25
4 15
6 17
10 5
17 4
0 22
0 18
3 25
4 14
7 17
9 5
17 3
0 23
0 17
2 25
3 14
7 16
8 5
17 2
0 24
0 16
1 25
2 26
2 14
7 15
7 5
16 2
17 1
0 15
1 26
2 27
1 14
7 14
6 5
7 4
15 2
17 0
0 14
0 26
1 27
8 14
5 5
7 3
14 2
18 0
0 27
9 14
4 5
7 2
14 1
19 0
10 14
3 5
4 6
4 4
7 1
14 0
10 15
10 13
2 5
4 7
4 3
7 0
13 0
10 16
10 12
1 5
4 8
4 2
10 17
10 11
0 5
4 9
5 8
4 1
11 17
9 11
10 10
0 6
0 4
4 10
6 8
4 0